2022-01-12 01:13:21,371 - Reading configuration from file: file:/home/wigryz/programming/studies/finite-element-method/target/classes/Test1_4_4.txt
2022-01-12 01:13:21,380 - Read 16/16 nodes from file.
2022-01-12 01:13:21,381 - Read 9/9 nodes from file.
2022-01-12 01:13:21,382 - Read boundary conditions from file.
2022-01-12 01:13:21,414 - Configuration:
Configuration{initialTemperature=100.0, simulationTime=500, simulationStepTime=50, ambientTemperature=1200.0, alfa=300.0, heightOfGrid=0.0, widthOfGrid=0.0, numberOfNodesOnHeight=0, numberOfNodesOnWidth=4, specificHeat=700.0, conductivity=25.0, density=7800.0, integrationScheme=INTEGRATION_SCHEME_2N, numberOfNodes=16, numberOfElements=9, nodes=[Node(id=1, x=0.100000001, y=0.00499999989, boundaryCondition=1, temperature=100.0), Node(id=2, x=0.0666666701, y=0.00499999989, boundaryCondition=1, temperature=100.0), Node(id=3, x=0.0333333351, y=0.00499999989, boundaryCondition=1, temperature=100.0), Node(id=4, x=0.0, y=0.00499999989, boundaryCondition=1, temperature=100.0), Node(id=5, x=0.100000001, y=-0.0283333343, boundaryCondition=1, temperature=100.0), Node(id=6, x=0.0666666701, y=-0.0283333343, boundaryCondition=0, temperature=100.0), Node(id=7, x=0.0333333351, y=-0.0283333343, boundaryCondition=0, temperature=100.0), Node(id=8, x=0.0, y=-0.0283333343, boundaryCondition=1, temperature=100.0), Node(id=9, x=0.100000001, y=-0.0616666675, boundaryCondition=1, temperature=100.0), Node(id=10, x=0.0666666701, y=-0.0616666675, boundaryCondition=0, temperature=100.0), Node(id=11, x=0.0333333351, y=-0.0616666675, boundaryCondition=0, temperature=100.0), Node(id=12, x=0.0, y=-0.0616666675, boundaryCondition=1, temperature=100.0), Node(id=13, x=0.100000001, y=-0.0949999988, boundaryCondition=1, temperature=100.0), Node(id=14, x=0.0666666701, y=-0.0949999988, boundaryCondition=1, temperature=100.0), Node(id=15, x=0.0333333351, y=-0.0949999988, boundaryCondition=1, temperature=100.0), Node(id=16, x=0.0, y=-0.0949999988, boundaryCondition=1, temperature=100.0)], elements=[Element(id=1, idList=[1, 2, 6, 5], H=null, Hbc=null, P=null, C=null), Element(id=2, idList=[2, 3, 7, 6], H=null, Hbc=null, P=null, C=null), Element(id=3, idList=[3, 4, 8, 7], H=null, Hbc=null, P=null, C=null), Element(id=4, idList=[5, 6, 10, 9], H=null, Hbc=null, P=null, C=null), Element(id=5, idList=[6, 7, 11, 10], H=null, Hbc=null, P=null, C=null), Element(id=6, idList=[7, 8, 12, 11], H=null, Hbc=null, P=null, C=null), Element(id=7, idList=[9, 10, 14, 13], H=null, Hbc=null, P=null, C=null), Element(id=8, idList=[10, 11, 15, 14], H=null, Hbc=null, P=null, C=null), Element(id=9, idList=[11, 12, 16, 15], H=null, Hbc=null, P=null, C=null)]}
2022-01-12 01:13:21,416 - Started calculating grid.
2022-01-12 01:13:21,416 - 
Element with id 0:
Element(id=1, idList=[1, 2, 6, 5], H=null, Hbc=null, P=null, C=null)

2022-01-12 01:13:21,417 - Nodes:
Node(id=1, x=0.100000001, y=0.00499999989, boundaryCondition=1, temperature=100.0)
Node(id=2, x=0.0666666701, y=0.00499999989, boundaryCondition=1, temperature=100.0)
Node(id=6, x=0.0666666701, y=-0.0283333343, boundaryCondition=0, temperature=100.0)
Node(id=5, x=0.100000001, y=-0.0283333343, boundaryCondition=1, temperature=100.0)
2022-01-12 01:13:21,418 - Integration point number 0.
2022-01-12 01:13:21,419 - detJ: 2.7777776463888844E-4

2022-01-12 01:13:21,419 - Jacobian matrix:
[[-0.016666665450000003, 0.0]
[0.0, -0.016666667095]]

2022-01-12 01:13:21,419 - Inverted jacobian matrix:
[[-60.000004380000306, -0.0]
[-0.0, -59.99999845800003]]

2022-01-12 01:13:21,435 - H matrix:
[[3.0374164144318883, -1.325807141583898, -0.38580246913580457, -1.325806803712186]
[-1.325807141583898, 1.543210024021406, 0.16839958669829627, -0.38580246913580457]
[-0.38580246913580457, 0.16839958669829627, 0.04900333865454622, 0.168399543782962]
[-1.325806803712186, -0.38580246913580457, 0.168399543782962, 1.5432097290650286]]

2022-01-12 01:13:21,435 - C matrix:
[[290.1508029445388, 36.853984085246495, 4.681069737433123, 36.853984085246495]
[36.853984085246495, 4.681069737433123, 0.5945738142184811, 4.681069737433123]
[4.681069737433123, 0.5945738142184811, 0.07552077631472448, 0.5945738142184811]
[36.853984085246495, 4.681069737433123, 0.5945738142184811, 4.681069737433123]]

2022-01-12 01:13:21,435 - Integration point number 1.
2022-01-12 01:13:21,435 - detJ: 2.7777776463888844E-4

2022-01-12 01:13:21,436 - Jacobian matrix:
[[-0.016666665450000003, 0.0]
[3.469446951953614E-18, -0.016666667095]]

2022-01-12 01:13:21,436 - Inverted jacobian matrix:
[[-60.000004380000306, -0.0]
[-1.2490009617810485E-14, -59.99999845800003]]

2022-01-12 01:13:21,436 - H matrix:
[[1.543210024021406, -1.325807141583898, -0.38580246913580474, 0.16839958669829622]
[-1.325807141583898, 3.037416414431888, -1.3258068037121857, -0.38580246913580446]
[-0.38580246913580474, -1.3258068037121857, 1.5432097290650286, 0.16839954378296193]
[0.16839958669829622, -0.38580246913580446, 0.16839954378296193, 0.04900333865454621]]

2022-01-12 01:13:21,437 - C matrix:
[[4.681069737433123, 36.853984085246495, 4.681069737433123, 0.5945738142184811]
[36.853984085246495, 290.1508029445388, 36.853984085246495, 4.681069737433123]
[4.681069737433123, 36.853984085246495, 4.681069737433123, 0.5945738142184811]
[0.5945738142184811, 4.681069737433123, 0.5945738142184811, 0.07552077631472448]]

2022-01-12 01:13:21,437 - Integration point number 2.
2022-01-12 01:13:21,437 - detJ: 2.7777776463888844E-4

2022-01-12 01:13:21,437 - Jacobian matrix:
[[-0.016666665450000003, 0.0]
[3.469446951953614E-18, -0.016666667095]]

2022-01-12 01:13:21,437 - Inverted jacobian matrix:
[[-60.000004380000306, -0.0]
[-1.2490009617810485E-14, -59.99999845800003]]

2022-01-12 01:13:21,438 - H matrix:
[[0.04900333865454624, 0.16839954378296207, -0.38580246913580457, 0.1683995866982963]
[0.16839954378296207, 1.5432097290650286, -1.3258068037121866, -0.3858024691358042]
[-0.38580246913580457, -1.3258068037121866, 3.03741641443189, -1.3258071415838981]
[0.1683995866982963, -0.3858024691358042, -1.3258071415838981, 1.543210024021406]]

2022-01-12 01:13:21,438 - C matrix:
[[0.07552077631472448, 0.5945738142184811, 4.681069737433123, 0.5945738142184811]
[0.5945738142184811, 4.681069737433123, 36.853984085246495, 4.681069737433123]
[4.681069737433123, 36.853984085246495, 290.1508029445388, 36.853984085246495]
[0.5945738142184811, 4.681069737433123, 36.853984085246495, 4.681069737433123]]

2022-01-12 01:13:21,438 - Integration point number 3.
2022-01-12 01:13:21,438 - detJ: 2.7777776463888844E-4

2022-01-12 01:13:21,439 - Jacobian matrix:
[[-0.016666665450000003, 0.0]
[0.0, -0.016666667095]]

2022-01-12 01:13:21,439 - Inverted jacobian matrix:
[[-60.000004380000306, -0.0]
[-0.0, -59.99999845800003]]

2022-01-12 01:13:21,439 - H matrix:
[[1.5432097290650286, 0.168399543782962, -0.38580246913580457, -1.325806803712186]
[0.168399543782962, 0.04900333865454622, 0.16839958669829627, -0.38580246913580457]
[-0.38580246913580457, 0.16839958669829627, 1.543210024021406, -1.325807141583898]
[-1.325806803712186, -0.38580246913580457, -1.325807141583898, 3.0374164144318883]]

2022-01-12 01:13:21,439 - C matrix:
[[4.681069737433123, 0.5945738142184811, 4.681069737433123, 36.853984085246495]
[0.5945738142184811, 0.07552077631472448, 0.5945738142184811, 4.681069737433123]
[4.681069737433123, 0.5945738142184811, 4.681069737433123, 36.853984085246495]
[36.853984085246495, 4.681069737433123, 36.853984085246495, 290.1508029445388]]

2022-01-12 01:13:21,440 - Integration point number 4.
2022-01-12 01:13:21,440 - detJ: 2.777777646388884E-4

2022-01-12 01:13:21,440 - Jacobian matrix:
[[-0.016666665450000003, 0.0]
[3.469446951953614E-18, -0.016666667094999997]]

2022-01-12 01:13:21,440 - Inverted jacobian matrix:
[[-60.000004380000306, -0.0]
[-1.2490009617810489E-14, -59.99999845800005]]

2022-01-12 01:13:21,440 - H matrix:
[[3.201538233494116, -1.6583285092657158, -1.0802468678858073, -0.46296285634259293]
[-1.6583285092657158, 3.201538233494115, -0.46296285634259227, -1.0802468678858068]
[-1.0802468678858073, -0.46296285634259227, 0.8108075369071406, 0.7324021873212592]
[-0.46296285634259293, -1.0802468678858068, 0.7324021873212592, 0.8108075369071406]]

2022-01-12 01:13:21,441 - C matrix:
[[147.41593634098587, 147.41593634098587, 18.724278949732483, 18.724278949732483]
[147.41593634098587, 147.41593634098587, 18.724278949732483, 18.724278949732483]
[18.724278949732483, 18.724278949732483, 2.378295256873923, 2.378295256873923]
[18.724278949732483, 18.724278949732483, 2.378295256873923, 2.378295256873923]]

2022-01-12 01:13:21,441 - Integration point number 5.
2022-01-12 01:13:21,441 - detJ: 2.777777646388884E-4

2022-01-12 01:13:21,441 - Jacobian matrix:
[[-0.01666666545, 0.0]
[3.469446951953614E-18, -0.016666667095]]

2022-01-12 01:13:21,441 - Inverted jacobian matrix:
[[-60.00000438000032, -0.0]
[-1.2490009617810489E-14, -59.999998458000036]]

2022-01-12 01:13:21,442 - H matrix:
[[0.8108076814833513, -0.4629630695833379, -1.0802469592746982, 0.7324023473746848]
[-0.4629630695833379, 3.2015379061401226, -1.6583278772820873, -1.0802469592746975]
[-1.0802469592746982, -1.6583278772820873, 3.201537906140124, -0.46296306958333827]
[0.7324023473746848, -1.0802469592746975, -0.46296306958333827, 0.8108076814833513]]

2022-01-12 01:13:21,442 - C matrix:
[[2.3782952568739235, 18.724278949732486, 18.724278949732486, 2.3782952568739235]
[18.724278949732486, 147.4159363409859, 147.4159363409859, 18.724278949732486]
[18.724278949732486, 147.4159363409859, 147.4159363409859, 18.724278949732486]
[2.3782952568739235, 18.724278949732486, 18.724278949732486, 2.3782952568739235]]

2022-01-12 01:13:21,442 - Integration point number 6.
2022-01-12 01:13:21,442 - detJ: 2.777777646388884E-4

2022-01-12 01:13:21,443 - Jacobian matrix:
[[-0.016666665450000003, 0.0]
[3.469446951953614E-18, -0.016666667094999997]]

2022-01-12 01:13:21,443 - Inverted jacobian matrix:
[[-60.000004380000306, -0.0]
[-1.2490009617810489E-14, -59.99999845800005]]

2022-01-12 01:13:21,443 - H matrix:
[[0.8108075369071406, 0.7324021873212592, -1.0802468678858073, -0.46296285634259227]
[0.7324021873212592, 0.8108075369071406, -0.46296285634259293, -1.0802468678858068]
[-1.0802468678858073, -0.46296285634259293, 3.201538233494116, -1.6583285092657158]
[-0.46296285634259227, -1.0802468678858068, -1.6583285092657158, 3.201538233494115]]

2022-01-12 01:13:21,443 - C matrix:
[[2.378295256873923, 2.378295256873923, 18.724278949732483, 18.724278949732483]
[2.378295256873923, 2.378295256873923, 18.724278949732483, 18.724278949732483]
[18.724278949732483, 18.724278949732483, 147.41593634098587, 147.41593634098587]
[18.724278949732483, 18.724278949732483, 147.41593634098587, 147.41593634098587]]

2022-01-12 01:13:21,444 - Integration point number 7.
2022-01-12 01:13:21,444 - detJ: 2.777777646388884E-4

2022-01-12 01:13:21,444 - Jacobian matrix:
[[-0.01666666545, 0.0]
[0.0, -0.016666667095]]

2022-01-12 01:13:21,444 - Inverted jacobian matrix:
[[-60.00000438000032, -0.0]
[-0.0, -59.999998458000036]]

2022-01-12 01:13:21,445 - H matrix:
[[3.201537906140123, -0.46296306958333805, -1.0802469592746977, -1.6583278772820873]
[-0.46296306958333805, 0.8108076814833513, 0.7324023473746848, -1.0802469592746977]
[-1.0802469592746977, 0.7324023473746848, 0.8108076814833513, -0.46296306958333805]
[-1.6583278772820873, -1.0802469592746977, -0.46296306958333805, 3.201537906140123]]

2022-01-12 01:13:21,445 - C matrix:
[[147.4159363409859, 18.724278949732486, 18.724278949732486, 147.4159363409859]
[18.724278949732486, 2.3782952568739235, 2.3782952568739235, 18.724278949732486]
[18.724278949732486, 2.3782952568739235, 2.3782952568739235, 18.724278949732486]
[147.4159363409859, 18.724278949732486, 18.724278949732486, 147.4159363409859]]

2022-01-12 01:13:21,445 - Integration point number 8.
2022-01-12 01:13:21,445 - detJ: 2.7777776463888833E-4

2022-01-12 01:13:21,445 - Jacobian matrix:
[[-0.01666666545, 0.0]
[3.469446951953614E-18, -0.016666667094999997]]

2022-01-12 01:13:21,445 - Inverted jacobian matrix:
[[-60.00000438000032, -0.0]
[-1.2490009617810492E-14, -59.99999845800005]]

2022-01-12 01:13:21,446 - H matrix:
[[2.469135802469148, -2.4370370912420346E-7, -2.469135802469148, 2.4370370912420346E-7]
[-2.4370370912420346E-7, 2.4691358024691468, 2.4370370912420346E-7, -2.4691358024691468]
[-2.469135802469148, 2.4370370912420346E-7, 2.469135802469148, -2.4370370912420346E-7]
[2.4370370912420346E-7, -2.4691358024691468, -2.4370370912420346E-7, 2.4691358024691468]]

2022-01-12 01:13:21,446 - C matrix:
[[74.89711579892989, 74.89711579892989, 74.89711579892989, 74.89711579892989]
[74.89711579892989, 74.89711579892989, 74.89711579892989, 74.89711579892989]
[74.89711579892989, 74.89711579892989, 74.89711579892989, 74.89711579892989]
[74.89711579892989, 74.89711579892989, 74.89711579892989, 74.89711579892989]]

2022-01-12 01:13:21,447 - detJ of bottom side: 0.01666666545

2022-01-12 01:13:21,448 - Hbc matrix of bottom side:
[[3.3333330900000004, 1.6666665450000002, 0.0, 0.0]
[1.6666665450000002, 3.3333330900000004, 0.0, 0.0]
[0.0, 0.0, 0.0, 0.0]
[0.0, 0.0, 0.0, 0.0]]

2022-01-12 01:13:21,448 - pMatrix of bottom side:
[5999.999562, 5999.999562, 0.0, 0.0]

2022-01-12 01:13:21,448 - detJ of left side: 0.016666667095

2022-01-12 01:13:21,449 - Hbc matrix of left side:
[[3.3333334190000006, 0.0, 0.0, 1.6666667095000003]
[0.0, 0.0, 0.0, 0.0]
[0.0, 0.0, 0.0, 0.0]
[1.6666667095000003, 0.0, 0.0, 3.3333334190000006]]

2022-01-12 01:13:21,449 - pMatrix of left side:
[6000.0001542, 0.0, 0.0, 6000.0001542]

2022-01-12 01:13:21,449 - Hbc matrix:
[[6.666666509000001, 1.6666665450000002, 0.0, 1.6666667095000003]
[1.6666665450000002, 3.3333330900000004, 0.0, 0.0]
[0.0, 0.0, 0.0, 0.0]
[1.6666667095000003, 0.0, 0.0, 3.3333334190000006]]

2022-01-12 01:13:21,449 - P vector:
[11999.9997162, 5999.999562, 0.0, 6000.0001542]

2022-01-12 01:13:21,449 - 
Element with id 1:
Element(id=2, idList=[2, 3, 7, 6], H=null, Hbc=null, P=null, C=null)

2022-01-12 01:13:21,450 - Nodes:
Node(id=2, x=0.0666666701, y=0.00499999989, boundaryCondition=1, temperature=100.0)
Node(id=3, x=0.0333333351, y=0.00499999989, boundaryCondition=1, temperature=100.0)
Node(id=7, x=0.0333333351, y=-0.0283333343, boundaryCondition=0, temperature=100.0)
Node(id=6, x=0.0666666701, y=-0.0283333343, boundaryCondition=0, temperature=100.0)
2022-01-12 01:13:21,450 - Integration point number 0.
2022-01-12 01:13:21,450 - detJ: 2.77777798805556E-4

2022-01-12 01:13:21,450 - Jacobian matrix:
[[-0.016666667500000003, 0.0]
[0.0, -0.016666667095]]

2022-01-12 01:13:21,450 - Inverted jacobian matrix:
[[-59.99999700000014, -0.0]
[-0.0, -59.999998458000036]]

2022-01-12 01:13:21,450 - H matrix:
[[3.037416414431875, -1.325806931055928, -0.3858024691358028, -1.3258070142401446]
[-1.325806931055928, 1.5432098402339924, 0.168399559957738, -0.3858024691358028]
[-0.3858024691358028, 0.168399559957738, 0.04900333865454601, 0.16839957052351878]
[-1.3258070142401446, -0.3858024691358028, 0.16839957052351878, 1.5432099128524286]]

2022-01-12 01:13:21,451 - C matrix:
[[290.15083863309013, 36.85398861828687, 4.681070313204744, 36.85398861828687]
[36.85398861828687, 4.681070313204744, 0.5945738873510658, 4.681070313204744]
[4.681070313204744, 0.5945738873510658, 0.07552078560378064, 0.5945738873510658]
[36.85398861828687, 4.681070313204744, 0.5945738873510658, 4.681070313204744]]

2022-01-12 01:13:21,451 - Integration point number 1.
2022-01-12 01:13:21,451 - detJ: 2.77777798805556E-4

2022-01-12 01:13:21,451 - Jacobian matrix:
[[-0.016666667500000003, 0.0]
[4.3368086899420177E-19, -0.016666667095]]

2022-01-12 01:13:21,451 - Inverted jacobian matrix:
[[-59.99999700000014, -0.0]
[-1.5612510101924226E-15, -59.999998458000036]]

2022-01-12 01:13:21,452 - H matrix:
[[1.5432098402339924, -1.325806931055928, -0.38580246913580285, 0.168399559957738]
[-1.325806931055928, 3.037416414431875, -1.3258070142401446, -0.3858024691358028]
[-0.38580246913580285, -1.3258070142401446, 1.5432099128524286, 0.16839957052351878]
[0.168399559957738, -0.3858024691358028, 0.16839957052351878, 0.04900333865454601]]

2022-01-12 01:13:21,452 - C matrix:
[[4.681070313204744, 36.85398861828687, 4.681070313204744, 0.5945738873510658]
[36.85398861828687, 290.15083863309013, 36.85398861828687, 4.681070313204744]
[4.681070313204744, 36.85398861828687, 4.681070313204744, 0.5945738873510658]
[0.5945738873510658, 4.681070313204744, 0.5945738873510658, 0.07552078560378064]]

2022-01-12 01:13:21,452 - Integration point number 2.
2022-01-12 01:13:21,452 - detJ: 2.77777798805556E-4

2022-01-12 01:13:21,452 - Jacobian matrix:
[[-0.016666667500000003, 0.0]
[4.3368086899420177E-19, -0.016666667095]]

2022-01-12 01:13:21,452 - Inverted jacobian matrix:
[[-59.99999700000014, -0.0]
[-1.5612510101924226E-15, -59.999998458000036]]

2022-01-12 01:13:21,453 - H matrix:
[[0.04900333865454601, 0.16839957052351878, -0.3858024691358028, 0.168399559957738]
[0.16839957052351878, 1.5432099128524286, -1.3258070142401446, -0.3858024691358028]
[-0.3858024691358028, -1.3258070142401446, 3.037416414431875, -1.3258069310559282]
[0.168399559957738, -0.3858024691358028, -1.3258069310559282, 1.5432098402339924]]

2022-01-12 01:13:21,453 - C matrix:
[[0.07552078560378064, 0.5945738873510658, 4.681070313204744, 0.5945738873510658]
[0.5945738873510658, 4.681070313204744, 36.85398861828687, 4.681070313204744]
[4.681070313204744, 36.85398861828687, 290.15083863309013, 36.85398861828687]
[0.5945738873510658, 4.681070313204744, 36.85398861828687, 4.681070313204744]]

2022-01-12 01:13:21,453 - Integration point number 3.
2022-01-12 01:13:21,453 - detJ: 2.77777798805556E-4

2022-01-12 01:13:21,453 - Jacobian matrix:
[[-0.016666667500000003, 0.0]
[0.0, -0.016666667095]]

2022-01-12 01:13:21,453 - Inverted jacobian matrix:
[[-59.99999700000014, -0.0]
[-0.0, -59.999998458000036]]

2022-01-12 01:13:21,454 - H matrix:
[[1.5432099128524286, 0.16839957052351878, -0.3858024691358028, -1.3258070142401446]
[0.16839957052351878, 0.04900333865454601, 0.168399559957738, -0.3858024691358028]
[-0.3858024691358028, 0.168399559957738, 1.5432098402339924, -1.325806931055928]
[-1.3258070142401446, -0.3858024691358028, -1.325806931055928, 3.037416414431875]]

2022-01-12 01:13:21,454 - C matrix:
[[4.681070313204744, 0.5945738873510658, 4.681070313204744, 36.85398861828687]
[0.5945738873510658, 0.07552078560378064, 0.5945738873510658, 4.681070313204744]
[4.681070313204744, 0.5945738873510658, 4.681070313204744, 36.85398861828687]
[36.85398861828687, 4.681070313204744, 36.85398861828687, 290.15083863309013]]

2022-01-12 01:13:21,454 - Integration point number 4.
2022-01-12 01:13:21,454 - detJ: 2.7777779880555593E-4

2022-01-12 01:13:21,454 - Jacobian matrix:
[[-0.016666667500000003, 0.0]
[0.0, -0.016666667094999997]]

2022-01-12 01:13:21,454 - Inverted jacobian matrix:
[[-59.999997000000135, -0.0]
[-0.0, -59.99999845800004]]

2022-01-12 01:13:21,455 - H matrix:
[[3.2015380295197304, -1.6583281154765217, -1.080246924830247, -0.4629629892129622]
[-1.6583281154765217, 3.2015380295197304, -0.4629629892129622, -1.080246924830247]
[-1.080246924830247, -0.4629629892129622, 0.8108076269926165, 0.7324022870505926]
[-0.4629629892129622, -1.080246924830247, 0.7324022870505926, 0.8108076269926165]]

2022-01-12 01:13:21,455 - C matrix:
[[147.4159544731474, 147.4159544731474, 18.724281252818965, 18.724281252818965]
[147.4159544731474, 147.4159544731474, 18.724281252818965, 18.724281252818965]
[18.724281252818965, 18.724281252818965, 2.378295549404261, 2.378295549404261]
[18.724281252818965, 18.724281252818965, 2.378295549404261, 2.378295549404261]]

2022-01-12 01:13:21,455 - Integration point number 5.
2022-01-12 01:13:21,455 - detJ: 2.77777798805556E-4

2022-01-12 01:13:21,455 - Jacobian matrix:
[[-0.016666667500000003, 0.0]
[4.3368086899420177E-19, -0.016666667095]]

2022-01-12 01:13:21,455 - Inverted jacobian matrix:
[[-59.99999700000014, -0.0]
[-1.5612510101924226E-15, -59.999998458000036]]

2022-01-12 01:13:21,456 - H matrix:
[[0.8108075913978674, -0.46296293671296374, -1.080246902330248, 0.7324022476453441]
[-0.46296293671296374, 3.201538110114479, -1.6583282710712675, -1.0802469023302477]
[-1.080246902330248, -1.6583282710712675, 3.201538110114479, -0.462962936712964]
[0.7324022476453441, -1.0802469023302477, -0.462962936712964, 0.8108075913978674]]

2022-01-12 01:13:21,456 - C matrix:
[[2.3782955494042617, 18.724281252818965, 18.724281252818965, 2.3782955494042617]
[18.724281252818965, 147.41595447314742, 147.41595447314742, 18.724281252818965]
[18.724281252818965, 147.41595447314742, 147.41595447314742, 18.724281252818965]
[2.3782955494042617, 18.724281252818965, 18.724281252818965, 2.3782955494042617]]

2022-01-12 01:13:21,456 - Integration point number 6.
2022-01-12 01:13:21,456 - detJ: 2.7777779880555593E-4

2022-01-12 01:13:21,456 - Jacobian matrix:
[[-0.016666667500000003, 0.0]
[0.0, -0.016666667094999997]]

2022-01-12 01:13:21,456 - Inverted jacobian matrix:
[[-59.999997000000135, -0.0]
[-0.0, -59.99999845800004]]

2022-01-12 01:13:21,457 - H matrix:
[[0.8108076269926165, 0.7324022870505926, -1.080246924830247, -0.4629629892129622]
[0.7324022870505926, 0.8108076269926165, -0.4629629892129622, -1.080246924830247]
[-1.080246924830247, -0.4629629892129622, 3.2015380295197304, -1.6583281154765217]
[-0.4629629892129622, -1.080246924830247, -1.6583281154765217, 3.2015380295197304]]

2022-01-12 01:13:21,457 - C matrix:
[[2.378295549404261, 2.378295549404261, 18.724281252818965, 18.724281252818965]
[2.378295549404261, 2.378295549404261, 18.724281252818965, 18.724281252818965]
[18.724281252818965, 18.724281252818965, 147.4159544731474, 147.4159544731474]
[18.724281252818965, 18.724281252818965, 147.4159544731474, 147.4159544731474]]

2022-01-12 01:13:21,457 - Integration point number 7.
2022-01-12 01:13:21,457 - detJ: 2.77777798805556E-4

2022-01-12 01:13:21,457 - Jacobian matrix:
[[-0.016666667500000003, 0.0]
[0.0, -0.016666667095]]

2022-01-12 01:13:21,457 - Inverted jacobian matrix:
[[-59.99999700000014, -0.0]
[-0.0, -59.999998458000036]]

2022-01-12 01:13:21,458 - H matrix:
[[3.201538110114479, -0.46296293671296385, -1.080246902330248, -1.6583282710712675]
[-0.46296293671296385, 0.8108075913978674, 0.7324022476453441, -1.080246902330248]
[-1.080246902330248, 0.7324022476453441, 0.8108075913978674, -0.46296293671296385]
[-1.6583282710712675, -1.080246902330248, -0.46296293671296385, 3.201538110114479]]

2022-01-12 01:13:21,458 - C matrix:
[[147.41595447314742, 18.724281252818965, 18.724281252818965, 147.41595447314742]
[18.724281252818965, 2.3782955494042617, 2.3782955494042617, 18.724281252818965]
[18.724281252818965, 2.3782955494042617, 2.3782955494042617, 18.724281252818965]
[147.41595447314742, 18.724281252818965, 18.724281252818965, 147.41595447314742]]

2022-01-12 01:13:21,458 - Integration point number 8.
2022-01-12 01:13:21,458 - detJ: 2.7777779880555593E-4

2022-01-12 01:13:21,458 - Jacobian matrix:
[[-0.016666667500000003, 0.0]
[0.0, -0.016666667094999997]]

2022-01-12 01:13:21,458 - Inverted jacobian matrix:
[[-59.999997000000135, -0.0]
[-0.0, -59.99999845800004]]

2022-01-12 01:13:21,459 - H matrix:
[[2.469135802469136, 5.99999983365731E-8, -2.469135802469136, -5.99999983365731E-8]
[5.99999983365731E-8, 2.469135802469136, -5.99999983365731E-8, -2.469135802469136]
[-2.469135802469136, -5.99999983365731E-8, 2.469135802469136, 5.99999983365731E-8]
[-5.99999983365731E-8, -2.469135802469136, 5.99999983365731E-8, 2.469135802469136]]

2022-01-12 01:13:21,459 - C matrix:
[[74.89712501127582, 74.89712501127582, 74.89712501127582, 74.89712501127582]
[74.89712501127582, 74.89712501127582, 74.89712501127582, 74.89712501127582]
[74.89712501127582, 74.89712501127582, 74.89712501127582, 74.89712501127582]
[74.89712501127582, 74.89712501127582, 74.89712501127582, 74.89712501127582]]

2022-01-12 01:13:21,459 - detJ of bottom side: 0.016666667500000003

2022-01-12 01:13:21,459 - Hbc matrix of bottom side:
[[3.333333500000001, 1.6666667500000005, 0.0, 0.0]
[1.6666667500000005, 3.333333500000001, 0.0, 0.0]
[0.0, 0.0, 0.0, 0.0]
[0.0, 0.0, 0.0, 0.0]]

2022-01-12 01:13:21,459 - pMatrix of bottom side:
[6000.0003000000015, 6000.0003000000015, 0.0, 0.0]

2022-01-12 01:13:21,459 - Hbc matrix:
[[3.333333500000001, 1.6666667500000005, 0.0, 0.0]
[1.6666667500000005, 3.333333500000001, 0.0, 0.0]
[0.0, 0.0, 0.0, 0.0]
[0.0, 0.0, 0.0, 0.0]]

2022-01-12 01:13:21,460 - P vector:
[6000.0003000000015, 6000.0003000000015, 0.0, 0.0]

2022-01-12 01:13:21,460 - 
Element with id 2:
Element(id=3, idList=[3, 4, 8, 7], H=null, Hbc=null, P=null, C=null)

2022-01-12 01:13:21,460 - Nodes:
Node(id=3, x=0.0333333351, y=0.00499999989, boundaryCondition=1, temperature=100.0)
Node(id=4, x=0.0, y=0.00499999989, boundaryCondition=1, temperature=100.0)
Node(id=8, x=0.0, y=-0.0283333343, boundaryCondition=1, temperature=100.0)
Node(id=7, x=0.0333333351, y=-0.0283333343, boundaryCondition=0, temperature=100.0)
2022-01-12 01:13:21,460 - Integration point number 0.
2022-01-12 01:13:21,460 - detJ: 2.777777996388893E-4

2022-01-12 01:13:21,460 - Jacobian matrix:
[[-0.01666666755, 0.0]
[0.0, -0.016666667095]]

2022-01-12 01:13:21,460 - Inverted jacobian matrix:
[[-59.99999682000016, -0.0]
[-0.0, -59.999998458000036]]

2022-01-12 01:13:21,461 - H matrix:
[[3.037416414431875, -1.3258069259211003, -0.3858024691358028, -1.325807019374972]
[-1.3258069259211003, 1.5432098357513737, 0.1683995593055293, -0.3858024691358028]
[-0.3858024691358028, 0.1683995593055293, 0.04900333865454601, 0.16839957117572746]
[-1.325807019374972, -0.3858024691358028, 0.16839957117572746, 1.5432099173350475]]

2022-01-12 01:13:21,461 - C matrix:
[[290.15083950354256, 36.85398872884882, 4.681070327247952, 36.85398872884882]
[36.85398872884882, 4.681070327247952, 0.5945738891347871, 4.681070327247952]
[4.681070327247952, 0.5945738891347871, 0.07552078583034298, 0.5945738891347871]
[36.85398872884882, 4.681070327247952, 0.5945738891347871, 4.681070327247952]]

2022-01-12 01:13:21,461 - Integration point number 1.
2022-01-12 01:13:21,461 - detJ: 2.777777996388893E-4

2022-01-12 01:13:21,461 - Jacobian matrix:
[[-0.01666666755, 0.0]
[0.0, -0.016666667095]]

2022-01-12 01:13:21,461 - Inverted jacobian matrix:
[[-59.99999682000016, -0.0]
[-0.0, -59.999998458000036]]

2022-01-12 01:13:21,462 - H matrix:
[[1.5432098357513737, -1.3258069259211003, -0.3858024691358028, 0.1683995593055293]
[-1.3258069259211003, 3.037416414431875, -1.325807019374972, -0.3858024691358028]
[-0.3858024691358028, -1.325807019374972, 1.5432099173350475, 0.16839957117572746]
[0.1683995593055293, -0.3858024691358028, 0.16839957117572746, 0.04900333865454601]]

2022-01-12 01:13:21,462 - C matrix:
[[4.681070327247952, 36.85398872884882, 4.681070327247952, 0.5945738891347871]
[36.85398872884882, 290.15083950354256, 36.85398872884882, 4.681070327247952]
[4.681070327247952, 36.85398872884882, 4.681070327247952, 0.5945738891347871]
[0.5945738891347871, 4.681070327247952, 0.5945738891347871, 0.07552078583034298]]

2022-01-12 01:13:21,462 - Integration point number 2.
2022-01-12 01:13:21,462 - detJ: 2.777777996388893E-4

2022-01-12 01:13:21,462 - Jacobian matrix:
[[-0.01666666755, 0.0]
[0.0, -0.016666667095]]

2022-01-12 01:13:21,462 - Inverted jacobian matrix:
[[-59.99999682000016, -0.0]
[-0.0, -59.999998458000036]]

2022-01-12 01:13:21,462 - H matrix:
[[0.04900333865454601, 0.16839957117572746, -0.3858024691358028, 0.1683995593055293]
[0.16839957117572746, 1.5432099173350475, -1.325807019374972, -0.3858024691358028]
[-0.3858024691358028, -1.325807019374972, 3.037416414431875, -1.3258069259211003]
[0.1683995593055293, -0.3858024691358028, -1.3258069259211003, 1.5432098357513737]]

2022-01-12 01:13:21,463 - C matrix:
[[0.07552078583034298, 0.5945738891347871, 4.681070327247952, 0.5945738891347871]
[0.5945738891347871, 4.681070327247952, 36.85398872884882, 4.681070327247952]
[4.681070327247952, 36.85398872884882, 290.15083950354256, 36.85398872884882]
[0.5945738891347871, 4.681070327247952, 36.85398872884882, 4.681070327247952]]

2022-01-12 01:13:21,463 - Integration point number 3.
2022-01-12 01:13:21,463 - detJ: 2.777777996388893E-4

2022-01-12 01:13:21,463 - Jacobian matrix:
[[-0.01666666755, 0.0]
[0.0, -0.016666667095]]

2022-01-12 01:13:21,463 - Inverted jacobian matrix:
[[-59.99999682000016, -0.0]
[-0.0, -59.999998458000036]]

2022-01-12 01:13:21,463 - H matrix:
[[1.5432099173350475, 0.16839957117572746, -0.3858024691358028, -1.325807019374972]
[0.16839957117572746, 0.04900333865454601, 0.1683995593055293, -0.3858024691358028]
[-0.3858024691358028, 0.1683995593055293, 1.5432098357513737, -1.3258069259211003]
[-1.325807019374972, -0.3858024691358028, -1.3258069259211003, 3.037416414431875]]

2022-01-12 01:13:21,463 - C matrix:
[[4.681070327247952, 0.5945738891347871, 4.681070327247952, 36.85398872884882]
[0.5945738891347871, 0.07552078583034298, 0.5945738891347871, 4.681070327247952]
[4.681070327247952, 0.5945738891347871, 4.681070327247952, 36.85398872884882]
[36.85398872884882, 4.681070327247952, 36.85398872884882, 290.15083950354256]]

2022-01-12 01:13:21,463 - Integration point number 4.
2022-01-12 01:13:21,464 - detJ: 2.777777996388892E-4

2022-01-12 01:13:21,464 - Jacobian matrix:
[[-0.01666666755, 0.0]
[0.0, -0.016666667094999997]]

2022-01-12 01:13:21,464 - Inverted jacobian matrix:
[[-59.99999682000017, -0.0]
[-0.0, -59.99999845800005]]

2022-01-12 01:13:21,464 - H matrix:
[[3.201538024544747, -1.6583281058719084, -1.0802469262191359, -0.4629629924537027]
[-1.6583281058719084, 3.201538024544747, -0.4629629924537027, -1.0802469262191359]
[-1.0802469262191359, -0.4629629924537027, 0.8108076291898232, 0.7324022894830154]
[-0.4629629924537027, -1.0802469262191359, 0.7324022894830154, 0.8108076291898232]]

2022-01-12 01:13:21,464 - C matrix:
[[147.4159549153952, 147.4159549153952, 18.7242813089918, 18.7242813089918]
[147.4159549153952, 147.4159549153952, 18.7242813089918, 18.7242813089918]
[18.7242813089918, 18.7242813089918, 2.3782955565391473, 2.3782955565391473]
[18.7242813089918, 18.7242813089918, 2.3782955565391473, 2.3782955565391473]]

2022-01-12 01:13:21,464 - Integration point number 5.
2022-01-12 01:13:21,464 - detJ: 2.777777996388893E-4

2022-01-12 01:13:21,464 - Jacobian matrix:
[[-0.01666666755, 0.0]
[0.0, -0.016666667095]]

2022-01-12 01:13:21,465 - Inverted jacobian matrix:
[[-59.99999682000016, -0.0]
[-0.0, -59.999998458000036]]

2022-01-12 01:13:21,465 - H matrix:
[[0.8108075892006609, -0.46296293347222334, -1.0802469009413587, 0.7324022452129215]
[-0.46296293347222334, 3.2015381150894635, -1.6583282806758803, -1.0802469009413587]
[-1.0802469009413587, -1.6583282806758803, 3.2015381150894635, -0.46296293347222334]
[0.7324022452129215, -1.0802469009413587, -0.46296293347222334, 0.8108075892006609]]

2022-01-12 01:13:21,465 - C matrix:
[[2.3782955565391477, 18.724281308991802, 18.724281308991802, 2.3782955565391477]
[18.724281308991802, 147.41595491539522, 147.41595491539522, 18.724281308991802]
[18.724281308991802, 147.41595491539522, 147.41595491539522, 18.724281308991802]
[2.3782955565391477, 18.724281308991802, 18.724281308991802, 2.3782955565391477]]

2022-01-12 01:13:21,465 - Integration point number 6.
2022-01-12 01:13:21,465 - detJ: 2.777777996388892E-4

2022-01-12 01:13:21,465 - Jacobian matrix:
[[-0.01666666755, 0.0]
[0.0, -0.016666667094999997]]

2022-01-12 01:13:21,465 - Inverted jacobian matrix:
[[-59.99999682000017, -0.0]
[-0.0, -59.99999845800005]]

2022-01-12 01:13:21,466 - H matrix:
[[0.8108076291898232, 0.7324022894830154, -1.0802469262191359, -0.4629629924537027]
[0.7324022894830154, 0.8108076291898232, -0.4629629924537027, -1.0802469262191359]
[-1.0802469262191359, -0.4629629924537027, 3.201538024544747, -1.6583281058719084]
[-0.4629629924537027, -1.0802469262191359, -1.6583281058719084, 3.201538024544747]]

2022-01-12 01:13:21,466 - C matrix:
[[2.3782955565391473, 2.3782955565391473, 18.7242813089918, 18.7242813089918]
[2.3782955565391473, 2.3782955565391473, 18.7242813089918, 18.7242813089918]
[18.7242813089918, 18.7242813089918, 147.4159549153952, 147.4159549153952]
[18.7242813089918, 18.7242813089918, 147.4159549153952, 147.4159549153952]]

2022-01-12 01:13:21,466 - Integration point number 7.
2022-01-12 01:13:21,466 - detJ: 2.777777996388893E-4

2022-01-12 01:13:21,466 - Jacobian matrix:
[[-0.01666666755, 0.0]
[0.0, -0.016666667095]]

2022-01-12 01:13:21,466 - Inverted jacobian matrix:
[[-59.99999682000016, -0.0]
[-0.0, -59.999998458000036]]

2022-01-12 01:13:21,466 - H matrix:
[[3.2015381150894635, -0.46296293347222334, -1.0802469009413587, -1.6583282806758803]
[-0.46296293347222334, 0.8108075892006609, 0.7324022452129215, -1.0802469009413587]
[-1.0802469009413587, 0.7324022452129215, 0.8108075892006609, -0.46296293347222334]
[-1.6583282806758803, -1.0802469009413587, -0.46296293347222334, 3.2015381150894635]]

2022-01-12 01:13:21,467 - C matrix:
[[147.41595491539522, 18.724281308991802, 18.724281308991802, 147.41595491539522]
[18.724281308991802, 2.3782955565391477, 2.3782955565391477, 18.724281308991802]
[18.724281308991802, 2.3782955565391477, 2.3782955565391477, 18.724281308991802]
[147.41595491539522, 18.724281308991802, 18.724281308991802, 147.41595491539522]]

2022-01-12 01:13:21,467 - Integration point number 8.
2022-01-12 01:13:21,467 - detJ: 2.777777996388892E-4

2022-01-12 01:13:21,467 - Jacobian matrix:
[[-0.01666666755, 0.0]
[0.0, -0.016666667094999997]]

2022-01-12 01:13:21,467 - Inverted jacobian matrix:
[[-59.99999682000017, -0.0]
[-0.0, -59.99999845800005]]

2022-01-12 01:13:21,467 - H matrix:
[[2.4691358024691366, 6.740740505351042E-8, -2.4691358024691366, -6.740740505351042E-8]
[6.740740505351042E-8, 2.4691358024691366, -6.740740505351042E-8, -2.4691358024691366]
[-2.4691358024691366, -6.740740505351042E-8, 2.4691358024691366, 6.740740505351042E-8]
[-6.740740505351042E-8, -2.4691358024691366, 6.740740505351042E-8, 2.4691358024691366]]

2022-01-12 01:13:21,467 - C matrix:
[[74.89712523596715, 74.89712523596715, 74.89712523596715, 74.89712523596715]
[74.89712523596715, 74.89712523596715, 74.89712523596715, 74.89712523596715]
[74.89712523596715, 74.89712523596715, 74.89712523596715, 74.89712523596715]
[74.89712523596715, 74.89712523596715, 74.89712523596715, 74.89712523596715]]

2022-01-12 01:13:21,468 - detJ of bottom side: 0.01666666755

2022-01-12 01:13:21,468 - Hbc matrix of bottom side:
[[3.33333351, 1.666666755, 0.0, 0.0]
[1.666666755, 3.33333351, 0.0, 0.0]
[0.0, 0.0, 0.0, 0.0]
[0.0, 0.0, 0.0, 0.0]]

2022-01-12 01:13:21,468 - pMatrix of bottom side:
[6000.000317999999, 6000.000317999999, 0.0, 0.0]

2022-01-12 01:13:21,468 - detJ of right side: 0.016666667095

2022-01-12 01:13:21,468 - Hbc matrix of right side:
[[0.0, 0.0, 0.0, 0.0]
[0.0, 3.3333334190000006, 1.6666667095000003, 0.0]
[0.0, 1.6666667095000003, 3.3333334190000006, 0.0]
[0.0, 0.0, 0.0, 0.0]]

2022-01-12 01:13:21,468 - pMatrix of right side:
[0.0, 6000.0001542, 6000.0001542, 0.0]

2022-01-12 01:13:21,469 - Hbc matrix:
[[3.33333351, 1.666666755, 0.0, 0.0]
[1.666666755, 6.666666929000001, 1.6666667095000003, 0.0]
[0.0, 1.6666667095000003, 3.3333334190000006, 0.0]
[0.0, 0.0, 0.0, 0.0]]

2022-01-12 01:13:21,469 - P vector:
[6000.000317999999, 12000.0004722, 6000.0001542, 0.0]

2022-01-12 01:13:21,469 - 
Element with id 3:
Element(id=4, idList=[5, 6, 10, 9], H=null, Hbc=null, P=null, C=null)

2022-01-12 01:13:21,469 - Nodes:
Node(id=5, x=0.100000001, y=-0.0283333343, boundaryCondition=1, temperature=100.0)
Node(id=6, x=0.0666666701, y=-0.0283333343, boundaryCondition=0, temperature=100.0)
Node(id=10, x=0.0666666701, y=-0.0616666675, boundaryCondition=0, temperature=100.0)
Node(id=9, x=0.100000001, y=-0.0616666675, boundaryCondition=1, temperature=100.0)
2022-01-12 01:13:21,469 - Integration point number 0.
2022-01-12 01:13:21,469 - detJ: 2.777777563888891E-4

2022-01-12 01:13:21,469 - Jacobian matrix:
[[-0.016666665450000003, 0.0]
[0.0, -0.016666666600000005]]

2022-01-12 01:13:21,469 - Inverted jacobian matrix:
[[-60.000004380000306, -0.0]
[-0.0, -60.000000239999984]]

2022-01-12 01:13:21,470 - H matrix:
[[3.0374164144318816, -1.325807090749095, -0.3858024691358036, -1.3258068545469828]
[-1.325807090749095, 1.5432099796434688, 0.16839958024142973, -0.3858024691358036]
[-0.3858024691358036, 0.16839958024142973, 0.049003338654546126, 0.16839955023982775]
[-1.3258068545469828, -0.3858024691358036, 0.16839955023982775, 1.5432097734429588]]

2022-01-12 01:13:21,470 - C matrix:
[[290.1507943270603, 36.85398299068321, 4.681069598405358, 36.85398299068321]
[36.85398299068321, 4.681069598405358, 0.5945737965596395, 4.681069598405358]
[4.681069598405358, 0.5945737965596395, 0.07552077407175752, 0.5945737965596395]
[36.85398299068321, 4.681069598405358, 0.5945737965596395, 4.681069598405358]]

2022-01-12 01:13:21,470 - Integration point number 1.
2022-01-12 01:13:21,470 - detJ: 2.777777563888891E-4

2022-01-12 01:13:21,470 - Jacobian matrix:
[[-0.016666665450000003, 0.0]
[3.469446951953614E-18, -0.016666666600000005]]

2022-01-12 01:13:21,470 - Inverted jacobian matrix:
[[-60.000004380000306, -0.0]
[-1.249000998876377E-14, -60.000000239999984]]

2022-01-12 01:13:21,471 - H matrix:
[[1.5432099796434688, -1.3258070907490949, -0.3858024691358039, 0.1683995802414297]
[-1.3258070907490949, 3.03741641443188, -1.3258068545469823, -0.3858024691358035]
[-0.3858024691358039, -1.3258068545469823, 1.5432097734429588, 0.1683995502398277]
[0.1683995802414297, -0.3858024691358035, 0.1683995502398277, 0.049003338654546105]]

2022-01-12 01:13:21,471 - C matrix:
[[4.681069598405358, 36.85398299068321, 4.681069598405358, 0.5945737965596395]
[36.85398299068321, 290.1507943270603, 36.85398299068321, 4.681069598405358]
[4.681069598405358, 36.85398299068321, 4.681069598405358, 0.5945737965596395]
[0.5945737965596395, 4.681069598405358, 0.5945737965596395, 0.07552077407175752]]

2022-01-12 01:13:21,471 - Integration point number 2.
2022-01-12 01:13:21,471 - detJ: 2.777777563888891E-4

2022-01-12 01:13:21,471 - Jacobian matrix:
[[-0.016666665450000003, 0.0]
[3.469446951953614E-18, -0.016666666600000005]]

2022-01-12 01:13:21,471 - Inverted jacobian matrix:
[[-60.000004380000306, -0.0]
[-1.249000998876377E-14, -60.000000239999984]]

2022-01-12 01:13:21,471 - H matrix:
[[0.049003338654546126, 0.16839955023982778, -0.3858024691358038, 0.16839958024142976]
[0.16839955023982778, 1.5432097734429588, -1.325806854546983, -0.3858024691358033]
[-0.3858024691358038, -1.325806854546983, 3.0374164144318825, -1.3258070907490953]
[0.16839958024142976, -0.3858024691358033, -1.3258070907490953, 1.5432099796434686]]

2022-01-12 01:13:21,471 - C matrix:
[[0.07552077407175752, 0.5945737965596395, 4.681069598405358, 0.5945737965596395]
[0.5945737965596395, 4.681069598405358, 36.85398299068321, 4.681069598405358]
[4.681069598405358, 36.85398299068321, 290.1507943270603, 36.85398299068321]
[0.5945737965596395, 4.681069598405358, 36.85398299068321, 4.681069598405358]]

2022-01-12 01:13:21,472 - Integration point number 3.
2022-01-12 01:13:21,472 - detJ: 2.777777563888891E-4

2022-01-12 01:13:21,472 - Jacobian matrix:
[[-0.016666665450000003, 0.0]
[0.0, -0.016666666600000005]]

2022-01-12 01:13:21,472 - Inverted jacobian matrix:
[[-60.000004380000306, -0.0]
[-0.0, -60.000000239999984]]

2022-01-12 01:13:21,472 - H matrix:
[[1.5432097734429588, 0.16839955023982775, -0.3858024691358036, -1.3258068545469828]
[0.16839955023982775, 0.049003338654546126, 0.16839958024142973, -0.3858024691358036]
[-0.3858024691358036, 0.16839958024142973, 1.5432099796434688, -1.325807090749095]
[-1.3258068545469828, -0.3858024691358036, -1.325807090749095, 3.0374164144318816]]

2022-01-12 01:13:21,472 - C matrix:
[[4.681069598405358, 0.5945737965596395, 4.681069598405358, 36.85398299068321]
[0.5945737965596395, 0.07552077407175752, 0.5945737965596395, 4.681069598405358]
[4.681069598405358, 0.5945737965596395, 4.681069598405358, 36.85398299068321]
